[[  4.75184843  29.72093023   7.90697674   9.48837209  14.51162791
   23.90697674]
 [  4.68568679  24.4403444    8.74538745  10.70110701  13.48093481
   20.39360394]
 [  4.69257255  22.87566011   9.337494    11.7618819   12.48199712
   18.93903024]
 ..., 
 [  4.72831778  34.6749226   15.08584295  10.16042781  14.71995497
   27.1038559 ]
 [  4.68109842  29.56901255   9.11074741  10.01091107  14.75722859
   22.55864703]
 [  4.59498878  23.90255668   8.36951278  12.54220936  12.37337192
   20.38109021]]
